代码,名称,涨幅,现价,涨跌,买价,现量,量比,卖价,总量,涨速,换手,今开,最高,最低,昨收,市盈(动),总金额,买价,细分行业,地区,振幅,均价,内盘,外盘,内外比,买量,卖量,未匹配量,流通股本(万),流通市值,AB股总市值,强弱度,活跃度,笔均量,笔换手,开盘,最高,最低,均涨幅,实体涨幅,回头波,攻击波,财务更新,上市日期,总股本(万),B股(或A),H股,
600048,保利地产,4.41,9.48,0.40,9.46,225,2.46,9.47,1984262,0.00,1.84,9.18,9.97,9.07,9.08,11.82,1882179072,9.46,全国地产,广东,9.91,9.49,789394,1194867,0.66,445,117,--,1075671.50,1019.74,1019.74,2.72,2851,696,0.0006,1.10,9.80,-0.11,4.47,3.27,-4.91,4.52,20160107,20060731,1075671.50,0.00,0.00,
600095,哈高科,-2.25,8.26,-0.19,8.25,70,0.87,8.26,175452,-1.07,4.86,8.12,8.48,7.90,8.45,--,144663328,8.25,区域地产,黑龙江,6.86,8.25,86707,88744,0.98,285,10,--,36126.35,29.84,29.84,-3.93,2203,80,0.0022,-3.91,0.36,-6.51,-2.42,1.72,-2.59,4.56,20151031,19970708,36126.35,0.00,0.00,
600101,明星电力,-2.30,11.89,-0.28,11.89,98,2.37,11.90,631696,-0.08,19.49,11.59,12.74,10.95,12.17,33.09,749042752,11.89,水力发电,四川,14.71,11.86,288070,343625,0.84,28,119,--,32417.90,38.54,38.54,-3.98,2798,226,0.0070,-4.77,4.68,-10.02,-2.57,2.59,-6.67,8.58,20151029,19970627,32417.90,0.00,0.00,
600216,浙江医药,3.61,13.50,0.47,13.51,625,1.12,13.52,519173,0.29,5.55,12.70,13.75,12.66,13.03,50.17,688059072,13.51,化学制药,浙江,8.37,13.25,227402,291771,0.78,13,149,--,93610.38,126.37,126.37,1.93,2590,200,0.0021,-2.53,5.53,-2.84,1.71,6.30,-1.82,6.64,20151028,19991021,93610.79,0.00,0.00,
600297,广汇汽车,-4.44,12.27,-0.57,12.25,17,1.19,12.26,184758,0.00,3.52,11.89,12.84,11.56,12.84,40.67,222371824,12.25,汽车服务,辽宁,9.97,12.04,94526,90231,1.05,64,273,--,52500.00,64.42,674.90,-6.12,2433,76,0.0014,-7.40,0.00,-9.97,-6.26,3.20,-4.44,6.14,20151116,20001116,550040.06,0.00,0.00,
600366,宁波韵升,5.38,19.01,0.97,19.03,72,1.10,19.04,369682,-0.20,7.19,17.99,19.40,17.50,18.04,26.46,684706752,19.03,电器仪表,浙江,10.53,18.52,172665,197016,0.88,66,774,--,51449.76,97.81,105.78,3.70,2607,142,0.0028,-0.28,7.54,-2.99,2.67,5.67,-2.01,8.63,20151230,20001030,55642.19,0.00,0.00,
600376,首开股份,5.41,10.13,0.52,10.14,128,2.07,10.15,719975,0.19,3.21,9.65,10.43,9.36,9.61,10.96,722610560,10.14,区域地产,北京,11.13,10.04,342610,377364,0.91,294,663,--,224201.25,227.12,227.12,3.73,2706,266,0.0012,0.42,8.53,-2.60,4.44,4.97,-2.88,8.23,20151029,20010312,224201.25,0.00,0.00,
600395,盘江股份,2.55,9.26,0.23,9.28,15,1.17,9.29,560659,0.43,3.39,9.00,9.62,8.76,9.03,789.91,519100800,9.28,煤炭开采,贵州,9.52,9.26,286337,274321,1.04,753,269,--,165505.19,153.26,153.26,0.87,2729,205,0.0012,-0.33,6.53,-2.99,2.53,2.89,-3.74,5.71,20151030,20010531,165505.19,0.00,0.00,
600477,杭萧钢构,1.10,11.95,0.13,11.93,50,0.90,11.96,162779,0.00,2.69,11.72,12.20,11.63,11.82,61.86,195152752,11.93,钢加工,浙江,4.82,11.99,79919,82860,0.96,159,97,--,60594.96,72.41,96.71,-0.58,2325,70,0.0012,-0.85,3.21,-1.61,1.43,1.96,-2.05,2.75,20151231,20031110,80925.65,0.00,0.00,
600489,中金黄金,7.25,10.94,0.74,10.94,106,1.49,10.95,1313012,-0.09,4.46,10.34,11.17,10.20,10.20,293.91,1417830400,10.94,黄金,北京,9.51,10.80,581094,731918,0.79,452,437,--,294322.88,321.99,321.99,5.57,2838,463,0.0016,1.37,9.51,0.00,5.87,5.80,-2.06,7.25,20151030,20030814,294322.88,0.00,0.00,
600497,驰宏锌锗,7.05,10.18,0.67,10.18,42,1.93,10.19,663883,0.00,3.98,9.40,10.25,9.30,9.51,192.01,661809408,10.18,铅锌,云南,9.99,9.97,298311,365572,0.82,3,431,--,166756.09,169.76,169.76,5.36,2666,249,0.0015,-1.16,7.78,-2.21,4.82,8.30,-0.68,9.46,20151029,20040420,166756.09,0.00,0.00,
600549,厦门钨业,4.04,18.30,0.71,18.31,2,0.83,18.32,287244,0.49,3.24,17.60,18.49,16.90,17.59,--,517829536,18.31,小金属,福建,9.04,18.03,122348,164896,0.74,136,1,--,88657.39,162.24,197.93,2.36,2694,107,0.0012,0.06,5.12,-3.92,2.49,3.98,-1.03,8.28,20151030,20021107,108157.39,0.00,0.00,
600606,绿地控股,3.66,13.87,0.49,13.96,98,1.99,13.98,249657,0.94,4.82,13.06,14.20,12.80,13.38,25.61,339295264,13.96,房产服务,上海,10.46,13.59,117850,131807,0.89,9,123,--,51832.01,71.89,1687.72,1.98,2408,104,0.0020,-2.39,6.13,-4.33,1.57,6.20,-2.32,8.36,20151027,19920327,1216815.50,0.00,0.00,
600638,新黄浦,5.54,11.81,0.62,11.80,81,2.22,11.81,265396,-0.08,4.73,11.25,11.93,11.02,11.19,25.18,306794464,11.80,区域地产,上海,8.13,11.56,123573,141822,0.87,6,368,--,56116.39,66.27,66.27,3.86,2422,110,0.0020,0.54,6.61,-1.52,3.31,4.98,-1.01,7.17,20151028,19930326,56116.39,0.00,0.00,
600746,江苏索普,4.91,9.40,0.44,9.42,321,1.22,9.43,153725,1.18,5.05,8.80,9.43,8.41,8.96,--,138636768,9.42,化工原料,江苏,11.38,9.02,66278,87446,0.76,11,161,--,30466.08,28.64,28.80,3.23,1912,80,0.0026,-1.79,5.25,-6.14,0.65,6.82,-0.32,11.77,20151031,19960918,30642.14,0.00,0.00,
600748,上实发展,3.18,11.36,0.35,11.36,76,1.15,11.37,355742,0.53,3.28,10.78,11.71,10.37,11.01,59.77,400426144,11.36,全国地产,上海,12.17,11.26,157346,198395,0.79,55,14,--,108337.09,123.07,161.19,1.50,2409,148,0.0014,-2.09,6.36,-5.81,2.24,5.38,-2.99,9.55,20160127,19960925,141889.45,0.00,0.00,
600784,鲁银投资,9.95,8.51,0.77,8.51,3,1.76,--,644268,0.00,12.97,7.60,8.51,7.42,7.74,618.83,526032032,8.51,普钢,山东,14.08,8.16,311987,332280,0.94,12913,0,--,49661.37,42.26,48.35,8.27,2491,259,0.0052,-1.81,9.95,-4.13,5.49,11.97,0.00,14.69,20151028,19961225,56817.78,0.00,0.00,
600869,智慧能源,-2.14,7.33,-0.16,7.35,672,0.93,7.36,557789,-0.54,2.82,7.51,7.55,6.97,7.49,45.82,404636608,7.35,电气设备,青海,7.74,7.25,314578,243210,1.29,165,1206,--,198008.67,145.14,152.68,-3.82,2708,206,0.0010,0.27,0.80,-6.94,-3.15,-2.40,-2.91,5.16,20160115,19950206,208298.91,0.00,0.00,
600873,梅花生物,0.00,9.14,0.00,--,0,0.00,--,0,0.00,0.00,--,--,--,9.14,55.55,0,--,食品,西藏,0.00,9.14,0,0,--,0,0,--,206169.05,188.44,284.09,-1.68,1,0,0.0000,--,--,--,--,--,--,--,20151208,19950217,310822.66,0.00,0.00,
600987,航民股份,10.02,13.94,1.27,13.94,18,0.96,--,367921,0.00,5.79,12.41,13.94,12.11,12.67,19.63,487297344,13.94,纺织,浙江,14.44,13.24,192227,175693,1.09,16710,0,--,63531.00,88.56,88.56,8.34,2339,157,0.0025,-2.05,10.02,-4.42,4.54,12.33,0.00,15.11,20151021,20040809,63531.00,0.00,0.00,
000060,中金岭南,4.09,11.97,0.47,11.97,4857,1.08,11.98,683145,-0.08,3.31,11.52,12.37,11.32,11.50,196.50,815549056,11.97,铅锌,深圳,9.13,11.94,311012,372133,0.84,2764,1348,--,206142.25,246.75,264.85,1.62,4185,163,0.0008,0.17,7.57,-1.57,3.81,3.91,-3.23,5.74,20151028,19970123,221262.80,0.00,0.00,
000420,吉林化纤,3.75,8.30,0.30,8.30,5561,1.84,8.31,519827,1.09,16.33,7.80,8.80,7.57,8.00,528.56,432196384,8.30,化纤,吉林,15.38,8.31,214134,305693,0.70,1938,155,--,31830.68,26.42,59.48,1.28,3953,132,0.0041,-2.50,10.00,-5.37,3.93,6.41,-5.68,9.64,20151027,19960802,71660.34,0.00,0.00,
000514,渝开发,4.08,9.18,0.36,9.18,6939,1.02,9.19,532209,0.00,6.31,8.63,9.45,8.54,8.82,237.60,482431680,9.18,区域地产,重庆,10.32,9.06,248424,283784,0.88,2737,1411,--,84377.09,77.46,77.46,1.61,4144,128,0.0015,-2.15,7.14,-3.17,2.77,6.37,-2.86,7.49,20151031,19930712,84377.09,0.00,0.00,
000533,万家乐,5.75,8.64,0.47,8.64,2743,1.44,8.65,178798,0.00,2.61,8.18,8.67,8.08,8.17,40.11,150459024,8.64,家用电器,广东,7.22,8.42,71426,107371,0.67,1925,1414,--,68490.24,59.18,59.69,3.28,2669,67,0.0010,0.12,6.12,-1.10,3.00,5.62,-0.35,6.93,20151028,19940103,69081.60,0.00,0.00,
000554,泰山石油,6.04,10.36,0.59,10.36,5371,1.03,10.37,370784,-0.38,10.22,9.70,10.50,9.50,9.77,708.19,369321856,10.36,石油贸易,山东,10.24,9.96,170235,200549,0.85,855,463,--,36264.96,37.57,49.81,3.57,3430,108,0.0030,-0.72,7.47,-2.76,1.95,6.80,-1.33,9.05,20151029,19931215,48079.32,0.00,0.00,
000655,金岭矿业,7.41,8.41,0.58,8.41,5418,1.27,8.42,455107,0.00,7.64,7.86,8.61,7.72,7.83,--,375465824,8.41,普钢,山东,11.37,8.25,222336,232771,0.96,164,399,--,59534.01,50.07,50.07,4.94,3265,139,0.0023,0.38,9.96,-1.40,5.36,7.00,-2.32,8.94,20151024,19961128,59534.01,0.00,0.00,
000757,浩物股份,-0.35,8.63,-0.03,8.63,2229,0.90,8.64,144846,0.00,4.63,8.43,8.87,8.20,8.66,169.64,122826872,8.63,汽车配件,四川,7.74,8.48,78326,66519,1.18,60,52,--,31280.26,26.99,38.97,-2.82,2473,59,0.0019,-2.66,2.42,-5.31,-2.08,2.37,-2.71,5.24,20151028,19970627,45162.12,0.00,0.00,
000807,云铝股份,-1.54,7.68,-0.12,7.68,5055,0.98,7.69,709747,-0.25,4.61,7.70,8.08,7.31,7.80,--,555214528,7.68,铝,云南,9.87,7.82,383252,326495,1.17,4407,2486,--,153908.25,118.20,145.81,-4.01,4138,172,0.0011,-1.28,3.59,-6.28,0.29,-0.26,-4.95,5.06,20151027,19980408,189861.17,0.00,0.00,
000813,天山纺织,-0.88,11.25,-0.10,11.24,2409,1.22,11.25,208944,0.17,5.75,10.99,11.30,10.53,11.35,569.93,228174496,11.24,纺织,新疆,6.78,10.92,113808,95136,1.20,1237,264,--,36345.07,40.89,52.59,-3.35,3199,65,0.0018,-3.17,-0.44,-7.22,-3.79,2.37,-0.44,6.84,20151113,19980519,46749.53,0.00,0.00,
000911,南宁糖业,7.13,16.68,1.11,16.67,2418,1.07,16.68,170013,0.96,5.93,15.44,16.87,14.62,15.57,102.09,275436416,16.67,食品,广西,14.45,16.20,86583,83430,1.04,405,158,--,28664.00,47.81,54.06,4.66,3330,51,0.0018,-0.83,8.35,-6.10,4.05,8.03,-1.13,14.09,20151028,19990527,32408.08,0.00,0.00,
000960,锡业股份,7.75,11.96,0.86,11.96,6440,1.13,11.97,828948,0.67,7.20,11.06,12.21,10.85,11.10,--,970724416,11.96,小金属,云南,12.25,11.71,431841,397106,1.09,2858,816,--,115121.78,137.69,176.06,5.28,4059,204,0.0018,-0.36,10.00,-2.25,5.50,8.14,-2.05,10.23,20151031,20000221,147205.50,0.00,0.00,
000975,银泰资源,9.51,11.28,0.98,11.28,5259,1.77,11.29,366040,0.89,3.56,10.41,11.33,10.20,10.30,49.21,397644608,11.28,铅锌,内蒙,10.97,10.86,150126,215913,0.70,654,102,--,102707.39,115.85,122.01,7.05,3712,99,0.0010,1.07,10.00,-0.97,5.47,8.36,-0.44,10.59,20160203,20000608,108161.60,0.00,0.00,
000978,桂林旅游,6.18,12.55,0.73,12.55,6033,2.63,12.56,363567,-0.47,10.10,11.92,13.00,11.74,11.82,106.68,450192128,12.55,旅游景点,广西,10.66,12.38,160998,202569,0.79,2896,100,--,36010.00,45.19,45.19,3.71,3289,111,0.0031,0.85,9.98,-0.68,4.76,5.29,-3.46,6.90,20151029,20000518,36010.00,0.00,0.00,
000983,西山煤电,1.50,8.11,0.12,8.10,16628,0.87,8.11,1275377,1.50,4.05,7.89,8.46,7.59,7.99,63.42,1029304576,8.10,煤炭开采,山西,10.89,8.07,574829,700548,0.82,368,1222,--,315117.31,255.56,255.56,-0.97,4385,291,0.0009,-1.25,5.88,-5.01,1.01,2.79,-4.14,6.85,20151029,20000726,315120.00,0.00,0.00,
数据来源:通达信
